2 9
2 Q
8 Q
8 9
14 Q
20 W
21 8
25 7
25 E
29 E
30 7
33 E
33 7
37 E
37 7
40 E
40 7
43 E
44 7
48 W
48 8
53 Q
60 9
63 Q
66 8
70 7
74 W
77 8
80 E
83 9
87 9
90 W
93 8
96 Q
98 7
106 W
113 E
120 E
127 E
132 W
137 Q
142 9
145 9
148 W
151 8
154 Q
157 7
162 8
166 9
172 E
176 E
180 8
183 W
186 7
188 Q
192 9
195 W
198 8
202 8
204 E
207 9
209 W
212 8
215 Q
217 7
227 W
233 W
237 E
240 8
243 W
246 9
249 Q
252 8
256 W
261 W
264 9
268 Q
271 8
275 7
279 E
282 8
289 9
293 9
295 Q
298 8
301 W
304 7
307 E
311 8
316 8
320 W
322 7
326 E
328 8
331 W
334 7
337 E
340 8
345 9
349 9
351 Q
354 8
357 W
360 9
363 Q
366 9
373 8
379 7
382 W
385 8
389 E
392 7
397 W
403 W
406 W
410 7
413 E
416 8
419 W
422 9
425 Q
431 Q
434 8
437 W
440 8
442 Q
446 7
449 W
452 8
459 8
466 8
471 E
476 7
480 W
483 E
486 E
490 E
493 E
497 7
500 W
504 8
510 9
514 9
517 Q
520 8
523 W
526 7
529 7
532 Q
535 8
538 W
541 9
544 9
547 Q
550 8
553 W
555 7
558 E
569 9
573 9
576 Q
578 8
584 W
588 W
591 7
594 Q
597 8
600 8
604 W
607 9
613 Q
617 Q
623 7
626 W
629 8
632 E
635 9
639 9
642 W
644 8
648 Q
680 7
687 7
693 7
698 E
703 W
707 Q
711 Q
716 Q
720 Q
724 W
730 E
737 9
741 9
744 Q
748 8
750 W
754 7
758 7
761 E
764 8
767 W
770 9
774 9
777 W
779 8
783 E
786 7
796 7
799 7
802 E
806 8
808 8
812 W
815 9
818 Q
821 8
824 8
827 W
830 7
833 E
837 8
840 8
843 W
846 9
851 Q
854 9
857 9
860 W
863 8
867 7
870 7
874 E
876 8
879 W
883 9
887 Q
891 8
899 8
905 7
909 E
911 7
914 7
917 E
920 8
923 8
926 W
929 9
932 Q
934 9
937 W
940 8
942 Q
945 7
953 8
965 8
969 W
972 8
975 W
978 8
981 8
984 E
987 7
990 E
992 7
995 E
998 7
1000 E
1002 7
1007 9
1010 Q
1016 8
1021 8
1024 W
1027 7
1029 W
1032 7
1035 Q
1037 8
1041 W
1044 9
1048 9
1050 E
1053 8
1055 W
1058 7
1061 Q
1064 8
1067 W
1072 9
1079 9
1085 9
1091 Q
1095 W
1099 E
1102 7
1106 7
1109 E
1112 8
1114 W
1117 9
1122 Q
1126 Q
1129 W
1135 8
1139 8
1141 W
1145 9
1147 Q
1150 8
1154 8
1158 W
1161 7
1164 E
1167 8
1169 W
1171 9
1173 Q
1177 8
1181 W
1183 7
1185 E
1187 8
1190 W
1193 9
1195 Q
1198 8
1200 W
1203 7
1206 E
1209 8
1211 W
1216 9
1220 9
1222 Q
1225 8
1227 W
1230 7
1233 E
1235 8
1238 W
1243 Q
1246 Q
1249 9
1252 W
1255 8
1259 E
1262 E
1265 7
1268 W
1271 8
1276 9
1280 9
1282 Q
1285 9
1288 Q
1290 9
1293 Q
1296 8
1299 8
1303 Q
1307 9
1309 Q
1315 8
1318 8
1321 W
1325 9
1330 Q
1333 Q
1337 7
1340 W
1342 8
1345 Q
1348 9
1351 W
1355 W
1359 7
1361 Q
1365 8
1367 W
1371 9
1374 Q
1379 Q
1384 7
1385 Q
1387 Q
1388 7
1392 W
1393 8
1395 W
1396 8
1398 E
1399 9
1402 E
1403 9
1413 W
1418 W
1423 7
1427 Q
1430 8
1433 W
1436 W
1440 9
1446 Q
1450 Q
1453 7
1456 W
1459 8
1462 Q
1465 Q
1468 9
1474 W
1477 W
1480 Q
1484 8
1487 W
1491 9
1493 Q
1497 Q
1503 8
1506 W
1509 7
1512 E
1515 8
1517 W
1520 9
1523 Q
1532 Q
1535 Q
1538 8
1541 W
1544 7
1547 E
1551 8
1554 W
1563 Q
1567 Q
1570 8
1573 W
1576 7
1579 Q
1583 9
1588 9
1591 W
1593 8
1597 Q
1600 7
1603 W
1606 8
1608 E
1612 9
1617 9
1619 W
1622 8
1625 W
1627 8
1630 W
1633 8
1638 Q
1645 Q
1651 Q
1658 E
1662 W
1666 8
1670 8
1673 8
1676 Q
1683 Q
1691 Q
1699 W
1704 9
1708 9
1708 W
1713 8
1716 E
1718 7
1721 W
1723 8
1727 8
1729 Q
1733 9
1735 W
1738 8
1742 7
1745 Q
1755 9
1758 9
1761 Q
1764 8
1769 7
1772 E
1776 8
1780 W
1783 Q
1787 Q
1791 9
1794 W
1798 Q
1802 Q
1806 9
1809 W
1812 8
1815 Q
1819 Q
1822 9
1825 W
1828 8
1834 W
1837 7
1838 E
1841 8
1843 W
1846 9
1849 Q
1856 8
1863 7
1866 7
1869 E
1872 8
1875 8
1878 W
1888 9
1892 9
1895 Q
1897 8
1902 8
1905 W
1909 7
1912 E
1914 8
1917 W
1920 9
1923 9
1927 Q
1929 8
1932 W
1935 7
1939 7
1942 Q
1945 8
1948 W
1951 9
1954 9
1957 E
1960 8
1962 W
1965 7
1966 Q
1968 9
1970 W
1972 8
1974 E
1977 7
1980 W
1982 8
1986 8
1988 Q
1991 9
1994 9
1998 Q
2001 8
2007 W
2010 W
2013 7
2017 7
2019 E
2023 E
2026 7
2029 Q
2031 7
2036 Q
2039 8
2042 E
2044 7
2049 Q
2051 9
2054 Q
2057 8
2060 Q
2063 7
2068 7
2071 Q
2074 8
2076 Q
2078 9
2082 9
2084 W
2087 8
2090 Q
2092 7
2096 Q
2098 8
2101 Q
2103 9
2108 W
2110 8
2113 E
2115 7
2118 W
2119 8
2123 8
2126 W
2126 8
2130 8
2132 W
2135 9
2138 Q
2140 8
2143 Q
2149 7
2152 7
2156 E
2158 8
2161 W
2163 9
2167 9
2170 Q
2172 8
2177 7
2180 7
2183 E
2186 8
2189 W
2191 9
2194 Q
2197 8
2204 8
2211 8
2217 8
2222 Q
2227 W
2231 E
2235 E
2238 E
2241 E
2246 7
2251 W
2255 Q
2262 9
2265 9
2268 Q
2271 8
2274 W
2277 7
2280 7
2283 E
2286 8
2288 W
2291 9
2293 Q
2297 8
2300 W
2303 7
2317 Q
2319 9
2321 Q
2323 8
2325 W
2328 7
2330 E
2332 8
2334 W
2336 9
2338 Q
2342 9
2343 Q
2346 8
2348 W
2350 7
2352 E
2354 7
2356 E
2358 8
2360 W
2362 8
2362 W
2366 Q
2370 9
2371 Q
2374 8
2376 W
2378 8
2380 W
2383 7
2384 E
2386 7
2387 E
2389 8
2390 W
2393 8
2393 W
2396 Q
2397 9
2399 Q
2401 9
2403 Q
2404 9
2406 Q
2408 9
2411 Q
2414 9
2417 Q
2420 9
2424 Q
2426 9
2430 8
2433 8
2436 W
2439 W
2441 7
2444 7
2448 E
2451 E
2454 9
2457 Q
2458 9
2460 Q
2462 9
2464 Q
2465 9
2467 Q
2469 9
2471 W
2472 8
2478 7
2479 E
2487 7
2490 7
2493 W
2495 8
2497 W
2498 8
2500 Q
2502 9
2504 Q
2506 9
2508 W
2509 8
2512 E
2514 7
2517 W
2519 8
2522 Q
2525 9
2529 W
2531 8
2534 E
2536 7
2542 7
2546 Q
2550 8
2555 8
2558 W
2560 8
2562 Q
2564 9
2567 W
2568 8
2571 E
2576 7
2578 W
2581 8
2583 Q
2584 9
2587 W
2589 8
2591 E
2593 7
2595 W
2598 Q
2598 8
2604 Q
2606 9
2608 Q
2611 8
2613 W
2615 7
2617 E
2620 8
2621 W
2624 9
2626 Q
2628 9
2632 Q
2635 9
2638 W
2640 8
2643 E
2646 7
2648 W
2651 8
2654 Q
2656 9
2658 Q
2660 9
2662 Q
2665 8
2667 W
2670 8
2672 W
2674 8
2676 W
2678 8
2680 W
2683 7
2686 E
2687 7
2689 E
2691 7
2693 E
2696 8
2699 W
2701 8
2702 W
2704 8
2705 W
2711 9
2714 Q
2715 9
2717 Q
2719 8
2721 W
2723 8
2725 W
2727 7
2729 E
2732 E
2732 7
2735 E
2736 8
2738 W
2741 8
2745 Q
2747 9
2750 Q
2753 9
2768 Q
2774 Q
2777 9
2779 W
2783 8
2789 7
2793 E
2796 8
2799 8
2802 W
2805 9
2808 Q
2811 8
2815 8
2819 E
2823 7
2825 E
2829 8
2832 W
2833 8
2837 Q
2840 9
2843 9
2846 W
2848 8
2851 E
2854 7
2857 7
2860 E
2863 8
2865 W
2873 9
2880 9
2887 9
2894 9
2900 8
2904 7
2908 E
2912 E
2915 E
2918 E
2922 E
2927 W
2932 Q
2937 9
2941 9
2944 Q
2947 8
2951 W
2955 7
2958 7
2961 E
2964 8
2967 W
2971 9
2975 Q
2978 8
2981 W
2984 7
2987 E
2993 E
2997 W
3001 Q
3007 W
3012 8
3016 E
3022 9
3025 9
3028 Q
3031 8
3034 W
3037 7
3041 7
3045 E
3049 8
3053 8
3056 8
3060 Q
3062 9
3067 9
3071 W
3072 8
3075 W
3079 7
3082 7
3085 Q
3088 8
3091 W
3094 9
3100 E
3106 8
3110 8
3113 W
3116 8
3119 W
3121 8
3126 E
3130 E
3134 9
3136 Q
3138 9
3140 Q
3143 8
3147 W
3150 7
3156 Q
3161 W
3170 9
3174 E
3179 9
3182 9
3185 E
3188 8
3191 W
3194 7
3197 Q
3201 Q
3204 8
3210 W
3214 8
3217 Q
3220 9
3223 9
3225 W
3228 8
3231 E
3236 7
3239 7
3242 W
3244 8
3248 Q
3254 7
3257 7
3260 Q
3262 8
3265 W
3268 9
3271 E
3274 8
3279 Q
3283 Q
3285 7
3288 W
3294 8
3297 8
3300 Q
3303 7
3309 7
3313 7
3316 E
3318 9
3321 W
3324 8
3328 Q
3331 7
3335 9
3338 9
3340 E
3344 9
3347 Q
3352 9
3355 9
3358 E
3362 Q
3365 7
3368 7
3371 W
3374 8
3377 E
3380 9
3384 W
3387 8
3391 8
3394 Q
3397 7
3400 Q
3404 8
3407 Q
3410 9
3413 W
3417 8
3420 E
3422 7
3425 W
3428 8
3431 Q
3439 Q
3446 9
3447 Q
3473 9
3475 8
3485 7
3492 7
3500 7
3504 E
3508 W
3511 Q
3515 Q
3520 W
3523 7
3526 E
3529 8
3532 W
3538 W
3542 Q
3545 Q
3550 Q
3553 W
3556 E
3560 W
3566 Q
3570 Q
3573 W
3577 E
3580 W
3584 Q
3587 W
3593 W
3597 W
3600 E
3603 W
3607 E
3610 W
3613 E
3621 E
3626 E
3630 W
3633 Q
3637 W
3640 E
3643 W
3651 W
3654 W
3657 E
3661 W
3664 Q
3671 W
3678 E
3682 E
3685 W
3688 Q
3695 W
3698 E
3702 Q
3708 Q
3711 Q
3714 E
3717 Q
3720 E
3723 Q
3726 E
3734 E
3736 W
3738 E
3741 W
3742 E
3744 W
3746 E
3748 Q
3751 W
3753 E
3756 Q
3764 Q
3767 Q
3770 W
3772 E
3775 W
3777 E
3779 W
3781 E
3783 Q
3786 W
3793 Q
3795 W
3799 Q
3800 W
3802 E
3805 W
3809 Q
3812 W
3815 E
3821 E
3823 W
3827 Q
3831 W
3835 Q
3838 W
3843 Q
3849 Q
3852 W
3855 E
3858 W
3860 E
3862 W
3866 Q
3870 W
3877 Q
3880 W
3883 Q
3885 W
3887 E
3890 W
3893 Q
3895 W
3898 E
3905 E
3908 W
3910 Q
3913 W
3915 E
3918 Q
3919 W
3921 E
3925 E
3933 W
3936 Q
3939 W
3943 Q
3945 W
3949 Q
3950 W