2 Q
3 W
4 E
8 E
13 W
17 Q
22 W
26 E
30 W
34 Q
39 W
43 E
56 7
59 W
61 8
65 9
69 8
73 7
77 E
82 8
86 9
89 W
93 8
97 7
100 Q
103 8
107 W
109 9
111 E
112 8
114 W
116 7
123 7
127 8
131 E
138 8
141 7
144 E
146 8
151 W
155 9
159 Q
166 8
174 8
181 7
183 8
186 9
191 8
199 7
203 8
209 9
214 9
217 W
219 8
225 Q
232 Q
234 7
236 W
238 8
241 E
242 9
245 W
247 8
249 Q
252 7
254 W
256 8
259 E
261 9
264 W
266 8
268 Q
271 7
273 W
275 8
278 E
280 9
282 W
285 8
289 Q
291 7
293 Q
295 7
297 Q
299 7
301 Q
302 7
304 Q
305 7
309 W
314 8
348 E
352 W
357 Q
364 9
368 W
370 8
373 E
376 7
380 8
384 9
388 Q
395 8
404 W
410 E
415 W
422 7
426 Q
429 8
433 W
439 9
444 E
447 8
455 W
466 7
469 Q
472 8
476 8
479 W
482 7
485 E
489 9
495 Q
500 W
508 7
512 E
515 8
518 W
524 Q
528 Q
531 7
533 W
536 8
542 9
545 E
548 8
552 W
554 7
558 Q
561 8
576 7
578 E
580 7
581 E
584 8
589 W
591 9
593 W
595 9
599 E
606 7
607 Q
612 7
614 W
618 8
624 E
632 9
636 9
639 Q
643 Q
646 7
650 7
653 E
656 E
661 8
666 W
670 9
673 Q
677 8
685 7
691 W
696 8
706 Q
710 W
719 E
722 7
725 W
728 8
731 E
734 9
741 Q
748 Q
753 W
762 E
767 W
774 9
778 W
780 8
783 E
786 7
789 W
792 8
797 Q
806 Q
818 8
821 W
824 7
827 7
830 E
833 8
836 W
844 9
848 9
851 W
854 8
857 E
860 7
862 W
866 Q
874 7
877 7
882 W
885 8
888 Q
890 9
894 9
897 E
900 8
903 W
906 7
910 Q
916 9
923 9
928 E
933 8
938 8
942 8
945 W
947 9
950 W
955 8
960 7
966 W
969 W
973 7
975 Q
978 8
981 W
982 8
984 W
985 8
988 W
989 8
991 W
993 8
995 W
998 8
1001 E
1003 9
1021 Q
1025 7
1027 W
1030 8
1033 E
1035 9
1039 9
1042 E
1045 E
1048 7
1051 7
1059 Q
1062 Q
1065 8
1068 8
1071 W
1074 W
1077 9
1080 W
1083 8
1085 Q
1088 7
1091 E
1095 E
1098 9
1102 9
1104 Q
1108 Q
1111 7
1114 E
1117 8
1119 W
1122 9
1125 9
1128 Q
1131 8
1134 Q
1137 7
1140 W
1142 8
1145 E
1147 9
1149 W
1152 W
1156 Q
1159 Q
1163 W
1170 E
1175 W
1179 Q
1182 Q
1186 W
1189 W
1193 E
1196 9
1199 W
1202 9
1205 W
1207 9
1210 9
1214 8
1220 8
1222 8
1229 7
1236 Q
1239 9
1241 Q
1242 9
1244 Q
1246 8
1248 W
1251 7
1253 W
1256 7
1258 E
1260 7
1262 E
1264 7
1265 E
1270 7
1273 E
1276 8
1279 W
1282 9
1285 Q
1289 8
1291 W
1295 7
1298 7
1301 W
1304 8
1307 W
1309 9
1313 9
1316 Q
1318 8
1321 W
1324 7
1327 E
1331 8
1334 W
1338 9
1342 9
1344 W
1347 9
1350 W
1354 8
1359 7
1364 8
1368 9
1373 8
1381 7
1384 7
1387 7
1391 7
1396 Q
1401 8
1406 W
1410 9
1413 9
1416 9
1420 9
1423 9
1427 8
1432 7
1436 E
1439 8
1444 W
1448 Q
1452 W
1456 E
1459 Q
1461 W
1463 E
1466 Q
1475 Q
1480 W
1484 E
1489 W
1494 Q
1499 7
1506 Q
1508 7
1509 Q
1512 7
1517 W
1520 8
1521 W
1524 8
1525 W
1531 9
1534 E
1537 9
1539 E
1547 8
1553 W
1561 7
1562 Q
1565 7
1566 Q
1574 8
1576 W
1578 8
1580 W
1583 8
1588 E
1590 9
1593 E
1594 9
1596 W
1599 8
1605 Q
1611 7
1613 Q
1615 7
1617 Q
1618 7
1620 W
1622 8
1624 W
1625 8
1627 E
1629 9
1631 E
1632 9
1634 W
1635 8
1637 W
1639 8
1640 Q
1642 7
1643 Q
1646 7
1648 W
1649 8
1651 W
1652 8
1655 E
1656 9
1658 E
1659 9
1661 W
1663 8
1665 W
1666 8
1668 Q
1670 7
1672 Q
1673 7
1676 W
1677 8
1679 W
1680 8
1682 E
1684 9
1686 E
1687 9
1690 W
1691 8
1693 W
1694 8
1696 Q
1698 7
1700 Q
1701 7
1703 W
1704 8
1706 W
1708 8
1710 E
1712 9
1714 E
1716 9
1717 W
1719 8
1720 W
1722 8
1725 Q
1731 W
1735 E
1738 W
1742 Q
1747 7
1752 W
1758 8
1761 8
1765 8
1767 E
1771 7
1776 Q
1781 W
1789 E
1792 E
1796 E
1799 7
1804 Q
1809 W
1813 9
1817 9
1820 E
1825 8
1827 W
1833 9
1836 9
1839 Q
1842 7
1845 W
1847 8
1849 E
1852 9
1855 W
1857 8
1859 Q
1862 7
1864 W
1866 8
1868 E
1870 9
1873 W
1874 8
1876 Q
1879 7
1881 W
1882 8
1884 E
1887 9
1888 W
1890 8
1891 Q
1895 7
1896 W
1900 W
1900 8
1903 W
1904 8
1907 W
1908 8
1910 W
1911 8
1914 W
1915 8
1917 W
1918 8
1921 W
1924 W
1927 W
1928 8
1958 Q
1973 8
1973 W
1988 9
1988 E
1994 W
1994 8
2000 Q
2001 7
2007 8
2008 W
2015 E
2029 8
2037 W
2045 7
2049 7
2052 Q
2055 8
2059 W
2062 9
2065 9
2069 E
2071 8
2075 W
2077 7
2081 7
2084 Q
2087 8
2089 W
2092 9
2096 E
2099 8
2103 8
2105 Q
2108 7
2111 W
2113 8
2115 E
2117 9
2119 Q
2121 8
2123 W
2125 7
2127 E
2129 8
2131 W
2144 Q
2152 W
2155 E
2158 W
2162 Q
2166 W
2170 E
2173 W
2177 W
2182 Q
2189 7
2196 W
2202 8
2209 E
2216 Q
2230 9
2234 9
2240 9
2244 W
2251 8
2259 7
2264 8
2268 Q
2273 7
2276 7
2280 Q
2283 7
2287 E
2289 8
2294 9
2298 W
2302 7
2305 Q
2306 7
2308 Q
2310 7
2313 E
2314 8
2316 W
2320 9
2325 Q
2336 Q
2340 Q
2345 9
2348 W
2351 8
2355 E
2358 7
2362 7
2363 Q
2366 8
2369 W
2372 9
2376 Q
2393 Q
2396 W
2400 E
2403 W
2407 Q
2411 7
2413 Q
2415 7
2418 W
2421 8
2423 W
2425 8
2428 E
2430 9
2432 E
2434 9
2436 W
2439 8
2440 W
2442 8
2444 Q
2447 7
2449 Q
2451 7
2453 Q
2459 7
2461 W
2465 8
2468 E
2471 9
2473 E
2475 9
2477 E
2479 9
2482 W
2484 8
2485 W
2488 8
2490 Q
2492 7
2494 Q
2496 7
2497 W
2500 8
2501 W
2505 E
2505 9
2509 E
2512 W
2513 8
2517 Q
2519 7
2521 Q
2524 8
2527 W
2530 9
2534 9
2537 Q
2539 8
2541 W
2544 7
2547 E
2551 W
2556 Q
2560 W
2563 7
2564 W
2567 7
2567 W
2570 Q
2573 8
2576 W
2580 9
2584 E
2589 8
2595 7
2599 8
2603 Q
2609 Q
2612 Q
2616 W
2621 E
2625 W
2629 Q
2637 Q
2641 W
2644 E
2648 7
2653 7
2659 E
2663 8
2667 W
2672 Q
2676 W
2680 8
2684 8
2687 W
2690 9
2695 Q
2699 W
2703 E
2707 7
2711 7
2714 E
2717 8
2720 W
2725 Q
2729 W
2733 7
2736 7
2740 E
2743 8
2746 W
2751 9
2755 9
2759 8
2762 W
2764 7
2768 Q
2770 8
2773 W
2776 9
2779 E
2781 7
2784 W
2786 8
2788 Q
2790 9
2792 W
2794 8
2796 E
2798 7
2800 W
2802 8
2805 Q
2807 9
2808 W
2811 8
2812 E
2815 7
2817 E
2819 7
2821 E
2823 7
2824 E
2826 7
2828 E
2829 7
2831 E
2833 7
2835 E
2837 7
2838 E
2840 7
2842 E
2844 7
2845 E
2848 7