2 Q
6 W
12 E
17 W
22 Q
27 W
31 E
35 W
40 Q
44 W
56 7
62 8
67 9
71 8
78 7
82 8
87 9
93 8
98 7
103 7
108 7
113 7
118 E
124 W
130 Q
138 W
145 E
151 W
156 Q
160 W
167 E
174 8
180 9
185 8
189 7
196 7
201 E
204 8
210 9
215 8
219 7
225 E
232 W
238 Q
245 W
253 E
260 7
266 8
272 9
278 8
287 W
290 7
293 Q
296 8
299 W
302 9
306 E
309 8
312 W
315 7
347 Q
352 Q
357 W
364 E
367 7
372 W
375 8
381 8
386 9
390 8
397 7
404 8
409 8
413 W
421 9
425 9
429 Q
432 8
438 W
443 7
447 E
454 W
464 Q
468 Q
472 W
476 E
479 W
483 Q
486 W
496 E
500 W
522 Q
526 Q
529 W
533 E
537 W
540 W
546 Q
551 W
555 E
558 W
577 7
580 8
584 9
591 9
595 8
600 7
605 7
608 7
612 8
616 9
620 8
625 7
633 7
636 7
640 8
643 8
647 9
651 9
655 8
658 8
663 W
667 7
672 Q
675 8
683 W
691 E
695 E
704 W
708 W
720 Q
725 W
728 E
732 W
739 Q
748 Q
754 Q
762 W
767 W
776 E
779 W
783 Q
788 W
791 E
797 W
806 W
819 Q
824 W
827 E
830 W
834 Q
843 Q
846 Q
851 E
855 W
859 Q
863 Q
873 W
877 E
880 W
884 Q
888 W
892 W
898 E
902 7
905 W
913 8
920 9
927 8
932 7
939 7
943 E
946 8
950 W
956 9
960 8
968 7
971 Q
973 8
977 W
979 9
983 E
985 8
988 W
991 7
994 Q
996 8
999 W
1002 9
1021 7
1025 7
1029 E
1032 8
1036 W
1043 9
1051 Q
1057 7
1065 W
1077 8
1080 8
1085 E
1090 9
1093 W
1100 8
1107 Q
1113 7
1117 8
1121 9
1129 E
1136 W
1141 Q
1146 W
1150 E
1154 7
1157 W
1160 8
1163 Q
1166 9
1170 W
1175 E
1180 7
1183 W
1186 8
1189 Q
1192 9
1198 W
1204 E
1207 W
1213 7
1218 8
1223 9
1244 Q
1248 W
1253 7
1257 E
1260 8
1263 W
1267 7
1273 8
1280 9
1287 7
1294 8
1307 E
1311 E
1317 7
1321 W
1324 8
1328 E
1332 9
1335 W
1338 8
1342 Q
1346 7
1349 W
1352 8
1359 E
1366 W
1372 7
1377 8
1381 9
1384 E
1387 8
1390 W
1393 7
1398 Q
1403 W
1408 E
1412 8
1416 8
1418 E
1422 7
1424 W
1430 8
1435 9
1439 8
1444 7
1448 8
1453 9
1473 Q
1479 W
1482 E
1488 W
1493 7
1497 Q
1504 8
1508 9
1512 W
1518 7
1521 E
1526 8
1530 9
1535 8
1538 Q
1545 7
1552 E
1559 7
1564 W
1566 8
1571 9
1575 E
1578 8
1581 W
1584 7
1589 8
1594 9
1597 E
1603 8
1610 Q
1613 7
1616 W
1620 8
1623 E
1627 9
1635 8
1638 W
1641 7
1644 Q
1647 8
1650 W
1653 9
1662 8
1669 7
1672 E
1675 8
1678 W
1680 9
1684 Q
1692 7
1694 E
1698 8
1701 W
1703 9
1706 Q
1709 8
1712 W
1716 7
1719 E
1723 8
1726 W
1733 9
1737 8
1741 7
1747 E
1752 W
1758 7
1762 Q
1766 8
1769 W
1775 E
1780 W
1787 9
1792 8
1796 7
1800 Q
1805 W
1810 E
1814 7
1818 W
1822 8
1827 Q
1831 W
1836 E
1840 7
1848 7
1855 W
1861 W
1869 Q
1876 Q
1883 E
1891 E
1899 9
1905 8
1912 7
1919 8
1926 9
1957 9
1957 Q
1970 8
1970 W
1985 E
1992 8
1993 W
2000 9
2000 Q
2006 W
2014 E
2014 7
2028 W
2043 9
2044 Q
2049 8
2050 W
2056 7
2057 E
2063 8
2063 W
2071 Q
2084 W
2100 E
2111 W
2128 7
2136 8
2143 9
2149 8
2156 7
2163 8
2171 9
2178 Q
2184 W
2194 E
2201 W
2208 Q
2215 W
2229 7
2235 E
2240 W
2244 Q
2251 W
2258 8
2263 9
2267 8
2272 7
2278 8
2286 E
2291 W
2298 Q
2303 9
2306 W
2310 8
2312 E
2316 7
2320 W
2325 Q
2329 W
2332 7
2335 W
2338 8
2340 E
2345 9
2349 Q
2353 W
2357 E
2360 7
2366 W
2371 Q
2373 8
2393 9
2402 8
2408 7
2412 8
2416 9
2422 Q
2429 8
2437 7
2445 E
2457 W
2462 Q
2468 W
2472 8
2477 E
2480 9
2483 W
2487 8
2492 7
2496 7
2500 W
2502 8
2506 Q
2509 9
2513 9
2517 E
2520 7
2523 Q
2530 W
2533 W
2537 9
2541 9
2544 E
2549 7
2554 Q
2558 8
2561 8
2566 W
2570 W
2575 9
2579 Q
2583 7
2586 E
2590 E
2595 9
2597 Q
2601 7
2604 E
2622 8
2625 8
2628 W
2632 9
2637 Q
2641 7
2652 7
2656 7
2660 E
2666 W
2671 Q
2676 8
2679 8
2682 8
2685 8
2690 9
2695 8
2700 7
2705 E
2709 E
2713 E
2716 E
2718 E
2726 W
2731 Q
2735 Q
2739 W
2744 E
2748 W
2753 Q
2757 W
2761 7
2764 W
2769 8
2772 Q
2775 9
2779 W
2782 8
2786 E
2789 7
2793 W
2795 8
2799 Q
2802 9
2806 W
2809 8
2814 E
2818 7
2822 7
2826 Q
2829 Q
2832 9
2835 9
2839 W
2842 W
2846 8