2 Q
3 W
4 E
5 Q
6 W
7 E
8 Q
9 W
10 E
11 Q
12 W
13 E
15 Space
18 Space
21 Space
35 7
35 Q
38 8
42 W
44 9
48 E
51 8
54 W
58 7
61 Q
64 8
67 W
70 9
74 E
77 8
80 W
83 7
86 Q
89 8
92 W
95 9
98 E
101 8
105 W
107 7
111 Q
115 8
118 W
121 9
124 E
128 8
131 W
135 7
138 Q
141 8
145 W
148 9
152 E
155 8
158 W
161 7
165 Q
168 8
171 W
175 9
178 E
181 8
184 W
188 7
191 Q
194 8
197 W
200 9
203 E
206 8
209 W
212 7
215 Q
218 8
221 W
224 9
227 E
230 8
232 W
236 7
238 Q
242 8
244 W
246 9
249 E
256 7
259 7
262 W
264 8
267 Q
275 9
279 9
282 E
285 8
288 W
290 7
293 Q
300 W
310 7
313 7
316 E
319 8
322 W
325 9
333 9
336 9
340 Q
342 8
345 W
348 7
351 E
357 8
364 W
371 W
378 7
381 Q
387 8
390 8
393 E
396 9
399 W
401 8
404 Q
407 7
410 7
413 E
416 8
419 W
426 Q
432 W
442 7
450 7
452 E
455 8
458 W
460 9
464 9
467 E
469 8
472 W
475 7
481 Q
488 W
495 E
502 8
504 W
505 8
507 W
509 9
511 Q
513 9
514 Q
517 W
517 8
520 W
520 8
523 E
524 7
526 E
528 7
529 W
532 8
534 Q
537 9
540 W
549 7
552 7
556 E
558 8
561 8
564 W
565 8
568 W
569 8
572 8
573 E
576 8
578 E
580 8
582 W
583 8
586 W
587 8
590 Q
593 9
596 W
602 8
605 8
607 E
610 9
613 Q
619 7
627 8
630 9
638 E
641 E
644 7
648 W
650 8
654 9
657 Q
660 8
663 W
667 7
670 E
675 W
682 Q
693 Q
699 W
702 E
706 9
709 9
712 W
715 8
718 Q
720 7
723 W
731 E
737 W
745 9
747 8
750 7
752 E
759 8
766 8
773 7
780 Q
783 Q
787 W
791 W
794 E
798 E
802 7
806 W
809 8
812 8
815 W
818 W
823 7
826 7
828 E
831 9
835 Q
838 Q
842 8
849 W
852 W
855 7
857 E
860 8
863 W
866 W
870 9
873 9
877 E
881 7
883 Q
884 8
887 W
892 W
895 W
897 9
901 E
905 8
908 8
912 8
913 E
917 7
920 W
923 W
927 Q
931 8
935 E
938 E
943 9
947 Q
951 8
954 Q
957 7
962 E
965 8
968 W
972 9
974 Q
978 Q
980 7
983 E
985 7
988 W
990 8
993 Q
997 7
1001 7
1005 7
1008 E
1011 E
1015 8
1018 8
1021 W
1024 W
1028 9
1031 9
1035 Q
1038 Q
1042 8
1045 8
1049 W
1052 W
1056 7
1059 7
1063 E
1066 E
1073 8
1076 8
1079 W
1082 W
1085 9
1088 9
1091 Q
1094 Q
1096 8
1100 8
1103 W
1107 W
1111 7
1114 E
1115 7
1117 E
1119 7
1121 E
1126 8
1128 W
1130 8
1132 W
1133 8
1135 W
1140 9
1143 Q
1144 9
1146 Q
1148 9
1149 Q
1153 8
1156 W
1157 8
1160 W
1161 8
1163 W
1168 7
1171 7
1173 E
1176 E
1179 8
1182 8
1185 W
1188 W
1194 9
1196 Q
1197 9
1199 Q
1201 9
1202 Q
1205 9
1206 Q
1209 8
1213 W
1216 7
1241 Q
1241 W
1243 E
1251 7
1255 E
1259 8
1263 W
1266 9
1270 Q
1274 8
1277 W
1281 7
1284 E
1287 8
1290 W
1294 9
1297 Q
1300 8
1303 W
1307 7
1310 E
1313 8
1316 W
1319 9
1322 Q
1325 8
1328 W
1332 7
1335 E
1338 8
1341 W
1344 9
1348 Q
1351 8
1354 W
1357 7
1360 E
1363 8
1366 W
1370 9
1372 Q
1376 8
1379 W
1383 7
1387 E
1390 8
1392 W
1396 9
1399 Q
1402 8
1405 W
1409 7
1411 E
1415 8
1418 W
1421 9
1424 Q
1427 8
1430 W
1434 7
1436 E
1439 8
1441 W
1445 9
1449 Q
1451 8
1454 W
1457 7
1460 E
1463 8
1466 W
1476 9
1480 9
1483 W
1485 8
1488 Q
1496 7
1502 7
1506 E
1508 8
1511 W
1513 9
1516 Q
1522 8
1525 8
1529 8
1532 Q
1538 8
1542 8
1544 Q
1553 7
1557 7
1557 W
1561 7
1561 W
1565 W
1567 8
1570 E
1577 9
1583 W
1587 W
1592 7
1595 Q
1598 8
1601 W
1608 9
1616 9
1619 E
1622 8
1625 W
1627 7
1630 Q
1634 7
1639 7
1643 7
1644 E
1647 E
1651 8
1654 8
1657 W
1660 W
1663 9
1667 9
1669 Q
1673 Q
1676 8
1678 W
1682 9
1688 E
1694 7
1704 7
1708 Q
1711 8
1714 W
1720 E
1725 E
1730 W
1733 7
1736 Q
1739 8
1743 W
1748 9
1751 9
1754 E
1756 8
1760 Q
1763 7
1766 7
1770 W
1775 8
1778 Q
1780 7
1782 W
1784 8
1786 E
1788 9
1791 W
1793 8
1799 Q
1805 7
1809 7
1812 W
1814 8
1817 E
1819 9
1823 W
1830 8
1837 8
1841 Q
1844 7
1847 Q
1851 8
1854 W
1860 9
1864 9
1866 E
1869 E
1873 7
1876 7
1883 W
1886 W
1889 8
1892 8
1895 Q
1898 Q
1902 9
1910 W
1917 E
1939 W
1946 Q
1947 W
1949 E
1954 7
1954 E
1960 8
1963 W
1968 9
1973 Q
1977 Q
1980 8
1984 8
1988 W
1991 W
1993 7
1997 E
2001 8
2004 8
2007 W
2010 W
2013 9
2017 9
2020 E
2023 E
2027 7
2030 7
2034 Q
2037 Q
2041 8
2044 8
2048 W
2051 W
2055 9
2058 9
2062 E
2065 E
2069 7
2073 W
2074 8
2077 Q
2079 9
2083 W
2086 8
2087 W
2089 8
2091 W
2096 9
2099 Q
2100 9
2102 Q
2104 9
2106 Q
2111 7
2113 E
2115 7
2117 E
2118 7
2120 E
2125 8
2129 W
2129 8
2134 W
2139 9
2143 9
2145 Q
2148 Q
2151 8
2154 8
2158 W
2161 W
2164 7
2166 E
2168 7
2170 E
2172 7
2173 E
2175 7
2177 E
2180 8
2183 W
2187 9
2194 Q
2197 Q
2201 8
2204 8
2207 W
2210 9
2212 Q
2214 8
2216 W
2219 7
2222 E
2226 E
2229 8
2232 W
2236 9
2238 Q
2241 9
2243 W
2244 8
2248 E
2252 7
2255 7
2258 W
2262 W
2265 8
2268 Q
2270 9
2272 W
2274 8
2278 E
2281 E
2285 7
2289 7
2292 W
2295 8
2297 W
2299 9
2301 Q
2304 8
2306 W
2309 8
2310 W
2313 8
2314 W
2317 8
2322 Q
2322 9
2325 Q
2327 9
2329 Q
2333 7
2335 E
2337 7
2339 E
2341 7
2342 E
2347 8
2349 W
2351 8
2353 W
2355 8
2356 W
2360 9
2364 9
2367 9
2369 Q
2372 Q
2375 8
2378 8
2380 W
2383 W
2386 7
2389 E
2390 7
2392 E
2394 8
2395 W
2398 9
2399 Q
2402 8
2405 W
2409 7
2416 Q
2419 Q
2422 9
2425 9
2429 W
2431 8
2434 Q
2436 7
2438 W
2441 8
2445 E
2448 E
2451 9
2455 9
2457 Q
2461 8
2463 W
2465 7
2467 E
2470 8
2474 8
2477 W
2480 W
2483 9
2487 Q
2491 8
2492 W
2495 7
2498 E
2502 E
2506 8
2509 W
2512 9
2515 Q
2517 8
2519 W
2521 7
2523 E
2526 8
2529 8
2532 8
2534 W
2537 9
2539 Q
2543 8
2546 W
2547 8
2550 W
2554 7
2556 E
2559 8
2561 W
2563 9
2567 Q
2570 8
2572 W
2574 8
2576 E
2577 7
2581 W
2584 8
2586 Q
2588 9
2591 Q
2594 9
2596 Q
2598 8
2599 W
2601 8
2603 W
2605 7
2606 E
2609 7
2610 E
2613 8
2613 W
2616 8
2617 W
2620 8
2624 Q
2628 9
2632 W
2657 Q
2666 7
2670 W
2673 8
2678 E
2681 9
2685 W
2688 8
2692 Q
2695 7
2698 7
2702 W
2704 8
2708 E
2711 9
2714 9
2717 E
2721 8
2724 W
2728 7
2731 Q
2734 8
2737 W
2739 9
2743 E
2747 8
2749 W
2752 8
2756 8
2758 E
2761 7
2764 W
2766 8
2770 8
2773 W
2776 8
2779 Q
2782 9
2785 W
2787 8
2792 E
2794 7
2797 W
2799 8
2802 Q
2805 8
2808 8
2811 Q
2814 8
2816 W
2820 7
2826 E
2833 W
2842 Q
2846 Q
2850 8
2852 W
2855 9
2858 9
2862 E
2864 8
2867 W
2870 7
2873 Q
2876 8
2879 W
2881 9
2884 E
2888 8
2892 8
2895 E
2899 E
2903 7
2906 7
2909 W
2912 W
2916 8
2919 8
2922 Q
2925 9
2928 W
2930 8
2934 8
2937 E
2940 9
2943 W
2946 8
2949 Q
2952 7
2955 W
2957 8
2961 E
2964 9
2967 W
2971 9
2974 9
2977 Q
2981 Q
2983 8
2986 W
2990 7
2993 E
2995 8
2998 W
3000 9
3004 9
3010 Q
3014 Q
3016 8
3020 W
3023 W
3027 7
3030 Q
3033 8
3035 W
3037 9
3041 E
3048 W
3055 Q
3059 7
3063 7
3066 E
3069 8
3075 8
3079 W
3082 9
3085 Q
3088 8
3092 W
3096 7
3100 E
3102 8
3105 W
3108 Q